% x => 1-20 iteration
% y => objective value

X = [1 2 3 4 5 6 7 8 9 10 11 12 13 14 15 16 17 18 19 20];

% bbc Sport
% y1 = [5.62797239800000,8.28203443800000,5.88346587400000,5.80845363000000,5.75527457500000,5.71408585400000,5.68570113800000,5.66831955300000,5.65871686800000,5.65366334600000,5.65106728900000,5.64974934000000,5.64908819700000,5.64875639300000,5.64859007900000,5.64850689400000,5.64846527700000,5.64844446300000,5.64843405400000,5.64842885000000];
% y2 = [5.99786655800000,8.50942207800000,6.02208191600000,5.89309347400000,5.83151920700000,5.78756066400000,5.76036258400000,5.74359666300000,5.73383361300000,5.72853362400000,5.72571120200000,5.72424006200000,5.72350099600000,5.72312893200000,5.72294210900000,5.72284851600000,5.72280166700000,5.72277823000000,5.72276650700000,5.72276064500000];
% y3 = [5.99712450600000,7.18764087100000,5.47156624700000,5.34295454600000,5.28373457000000,5.24338040600000,5.21838378500000,5.20323522100000,5.19476582000000,5.19017151700000,5.18775427000000,5.18654443600000,5.18593035900000,5.18562228600000,5.18546798400000,5.18539069300000,5.18535200900000,5.18533265800000,5.18532298000000,5.18531814000000];
% y4 = [6.46086651600000,6.30605924200000,5.29734631600000,5.19834219000000,5.14715991200000,5.11865443300000,5.10179661300000,5.09078792400000,5.08453136900000,5.08104386700000,5.07923729400000,5.07830700100000,5.07783557400000,5.07759962900000,5.07748108300000,5.07742167100000,5.07739193700000,5.07737705200000,5.07736961100000,5.07736589000000];
% y5 = [6.14072103700000,5.59038696100000,4.86662362900000,4.76366009300000,4.69671293900000,4.65101011700000,4.62418675200000,4.60921035500000,4.60082677300000,4.59649201400000,4.59424843900000,4.59311049000000,4.59253658200000,4.59224739400000,4.59210252300000,4.59202987800000,4.59199365300000,4.59197553300000,4.59196647100000,4.59196194000000];
% 

% 100Leaves
% y1 = [93.6072745900000,44.5790269100000,23.8587712100000,18.2024838100000,16.2146074300000,15.5338524200000,15.0334674600000,14.6855320000000,14.4787300200000,14.3628968600000,14.3003126400000,14.2668772200000,14.2493291900000,14.2403465500000,14.2357901800000,14.2334969400000,14.2323457000000,14.2317693800000,14.2314810200000,14.2313367400000];
% y2 = [91.1240712200000,42.7000912300000,23.1242017500000,17.4950886300000,15.6649416500000,14.9167108600000,14.3924986700000,14.0613592400000,13.8724154900000,13.7683263100000,13.7121306600000,13.6820208900000,13.6662416700000,13.6581764600000,13.6540713300000,13.6520054200000,13.6509684100000,13.6504489700000,13.6501890400000,13.6500590300000];
% y3 = [89.0134347400000,40.0331428500000,22.0045401600000,16.5920990800000,14.8762617500000,14.1789877000000,13.6735711300000,13.3597157300000,13.1812097600000,13.0833589700000,13.0303986700000,13.0018518500000,12.9869147400000,12.9792668200000,12.9753987400000,12.9734519800000,12.9724753100000,12.9719858600000,12.9717408000000,12.9716182100000];
% y4 = [87.5113188700000,36.2983549000000,20.4261974900000,15.4797705600000,13.9868296600000,13.3139313100000,12.8420157400000,12.5577051300000,12.3954939700000,12.3050958300000,12.2564900100000,12.2309313000000,12.2177710100000,12.2110668000000,12.2076816000000,12.2059814200000,12.2051290900000,12.2047024200000,12.2044888900000,12.2043821100000];
% y5 = [84.9742756700000,31.4786431800000,18.1546998400000,13.9520339600000,12.8065973700000,12.2194466200000,11.7917528900000,11.5358545800000,11.3893599700000,11.3077802900000,11.2641223000000,11.2414455600000,11.2298278900000,11.2239614700000,11.2210057600000,11.2195236200000,11.2187815800000,11.2184102600000,11.2182244200000,11.2181314800000];
% 

% ORL
% y1 = [27.6426194300000,23.5640134700000,13.3439566400000,11.5016338500000,11.0224679600000,10.6308998600000,10.3820239800000,10.2314417200000,10.1421109700000,10.0903931400000,10.0620463700000,10.0469359900000,10.0391377500000,10.0351679600000,10.0331653500000,10.0321571300000,10.0316515500000,10.0313987100000,10.0312722100000,10.0312089400000];
% y2 = [29.1405874800000,21.1611562200000,12.5616030300000,10.8952060400000,10.3948315900000,10.0422490900000,9.82460365700000,9.69363021100000,9.61934833900000,9.57634249600000,9.55267888900000,9.54006587100000,9.53350359300000,9.53015289100000,9.52846104300000,9.52761092300000,9.52718533700000,9.52697221400000,9.52686557700000,9.52681224000000];
% y3 = [29.9959734900000,18.3578325100000,11.6179574900000,10.3200122600000,9.88207607600000,9.58224247300000,9.39925487800000,9.29376598000000,9.23364248600000,9.20028524900000,9.18215960300000,9.17258526600000,9.16766095000000,9.16516655000000,9.16390604800000,9.16327268300000,9.16295596900000,9.16279746500000,9.16271820200000,9.16267856800000];
% y4 = [30.7495861000000,15.5805233000000,10.6080259500000,9.52921580100000,9.06361607700000,8.78873374900000,8.62925651400000,8.53745546100000,8.48500687800000,8.45690409500000,8.44171293300000,8.43377611200000,8.42970990400000,8.42765575400000,8.42662081900000,8.42610249000000,8.42584268000000,8.42571270200000,8.42564767500000,8.42561515100000];
% y5 = [30.6359389800000,14.0742345400000,9.80410533400000,8.83380629600000,8.43880628000000,8.18078888100000,8.02115688800000,7.92892489300000,7.87670860200000,7.84843491500000,7.83327190400000,7.82534720200000,7.82131018600000,7.81926882200000,7.81824137100000,7.81772600800000,7.81746781000000,7.81733861200000,7.81727400900000,7.81724170900000];

% mfeatRnsp
% y1 = [44.2255731900000,22.9275938500000,12.5208921600000,12.0802759700000,11.9870335100000,11.9079787400000,11.8539783300000,11.8222342500000,11.8050650600000,11.7961105100000,11.7915571500000,11.7892564100000,11.7881005400000,11.7875210600000,11.7872308900000,11.7870856800000,11.7870130800000,11.7869767600000,11.7869586100000,11.7869495300000];
% y2 = [47.8922932000000,19.8059291900000,11.7806241400000,11.4198791600000,11.3346623700000,11.2631129100000,11.2152702000000,11.1873061300000,11.1722799500000,11.1644467600000,11.1604539800000,11.1584379200000,11.1574245300000,11.1569166400000,11.1566623600000,11.1565351400000,11.1564715100000,11.1564396900000,11.1564237800000,11.1564158200000];
% y3 = [50.5767626800000,17.1856670100000,11.0511072300000,10.7387385800000,10.6581150700000,10.5931254000000,10.5495483600000,10.5239162400000,10.5100764500000,10.5029016300000,10.4992414300000,10.4973930900000,10.4964642400000,10.4959986100000,10.4957654100000,10.4956487600000,10.4955904000000,10.4955612300000,10.4955466400000,10.4955393400000];
% y4 = [53.0081644700000,14.1917489500000,10.1190855300000,9.92033357200000,9.84805628000000,9.79730077400000,9.76662498300000,9.74965312400000,9.74072852800000,9.73615807100000,9.73384448700000,9.73268034900000,9.73209615000000,9.73180362600000,9.73165730600000,9.73158409500000,9.73154748200000,9.73152917500000,9.73152002100000,9.73151544400000];
% y5 = [53.6736865600000,12.3669304200000,9.33316366800000,9.13090611800000,9.07811831500000,9.02043351300000,8.98064764700000,8.95775645900000,8.94554178800000,8.93923860900000,8.93603413200000,8.93441891900000,8.93360804500000,8.93320174800000,8.93299835200000,8.93289659900000,8.93284571400000,8.93282026800000,8.93280754300000,8.93280118100000];

% caltech7
y1 = [32.0946412500000,20.6517331600000,10.8903239100000,10.7073166700000,10.6503894700000,10.6120072600000,10.5874951100000,10.5733940100000,10.5658425000000,10.5619328900000,10.5599383500000,10.5589319800000,10.5584262500000,10.5581726700000,10.5580456900000,10.5579821600000,10.5579504000000,10.5579345300000,10.5579265800000,10.5579226100000];
y2 = [36.7345669100000,17.1677780900000,10.2332944300000,10.1018662700000,10.0509747500000,10.0184563900000,9.99982044400000,9.98988193400000,9.98476745600000,9.98216971000000,9.98085976400000,9.98020224800000,9.97987287600000,9.97970803300000,9.97962554600000,9.97958430100000,9.97956367800000,9.97955336700000,9.97954821100000,9.97954563200000];
